40325001
40325002
40325003
40325004
40325005
40325006
40325007
40325008
40325009
40325010
40325011
40325012
40325013
40325014
40325015
40325016
40325017
40325018
40325019
40325020
40325021
40325022
40325023
40325024
40325025
40325026
40325027
40325028
40325029
40325030
40325031
40325032
40325033
40325034
40325035
40325036
40325037
40325038
40325039
40325040
40325041
40325042
40325043
40325044
40325045
40325046
40325047
40325048
40325049
40325050
40325051
40325052
40325053
40325054
40325055
40325056
40325057
40325058
40325059
40325060
40325061
40325062
40325063
40325064
40325065
40325066
40325067
40325068
40325069
40325070
40325071
40325072
40325073
40325074
40325075
40325076
40325077
40325078
40325079
40325080
40325081
40325082
40325083
40325084
40325085
40325086
40325087
40325088
40325089
40325090
40325091
40325092
40325093
40325094
40325095
40325096
40325097
40325098
40325099
40325100
40325101
40325102
40325103
40325104
40325105
40325106
40325107
40325108
40325109
40325110
40325111
40325112
40325113
40325114
40325115
40325116
40325117
40325118
40325119
40325120
40325121
40325122
40325123
40325124
40325125
40325126
40325127
40325128
40325129
40325130
40325131
40325132
40325133
40325134
40325135
40325136
40325137
40325138
40325139
40325140
40325141
40325142
40325143
40325144
40325145
40325146
40325147
40325148
40325149
40325150
40325151
40325152
40325153
40325154
40325155
40325156
40325157
40325158
40325159
40325160
40325161
40325162
40325163
40325164
40325165
40325166
40325167
40325168
40325169
40325170
40325171
40325172
40325173
40325174
40325175
40325176
40325177
40325178
40325179
40325180
40325181
40325182
40325183
40325184
40325185
40325186
40325187
40325188
40325189
40325190
40325191
40325192
40325193
40325194
40325195
40325196
40325197
40325198
40325199
40325200
40325201
40325202
40325203
40325204
40325205
40325206
40325207
40325208
40325209
40325210
40325211
40325212
40325213
40325214
40325215
40325216
40325217
40325218
40325219
40325220
40325221
40325222
40325223
40325224
40325225
40325226
40325227
40325228
40325229
40325230
40325231
40325232
40325233
40325234
40325235
40325236
40325237
40325238
40325239
40325240
40325241
40325242
40325243
40325244
40325245
40325246
40325247
40325248
40325249
40325250
40325251
40325252
40325253
40325254
40325255
40325256
40325257
40325258
40325259
40325260
40325261
40325262
40325263
40325264
40325265
40325266
40325267
40325268
40325269
40325270
40325271
40325272
40325273
40325274
40325275
40325276
40325277
40325278
40325279
40325280
40325281
40325282
40325283
40325284
40325285
40325286
40325287
40325288
40325289
40325290
40325291
40325292
40325293
40325294
40325295
40325296
40325297
40325298
40325299
40325300
40311001
40311002
40311003
40311004
40311005
40311006
40311007
40311008
40311009
40311010
40311011
40311012
40311013
40311014
40311015
40311016
40311017
40311018
40311019
40311020
40311021
40311022
40311023
40311024
40311025
40311026
40311027
40311028
40311029
40311030
40311031
40311032
40311033
40311034
40311035
40311036
40311037
40311038
40311039
40311040
40311041
40311042
40311043
40311044
40311045
40311046
40311047
40311048
40311049
40311050
40311051
40311052
40311053
40311054
40311055
40311056
40311057
40311058
40311059
40311060
40311061
40311062
40311063
40311064
40311065
40311066
40311067
40311068
40311069
40311070
40311071
40311072
40311073
40311074
40311075
40311076
40311077
40311078
40311079
40311080
40311081
40311082
40311083
40311084
40311085
40311086
40311087
40311088
40311089
40311090
40311091
40311092
40311093
40311094
40311095
40311096
40311097
40311098
40311099
40311100
40311101
40311102
40311103
40311104
40311105
40311106
40311107
40311108
40311109
40311110
40311111
40311112
40311113
40311114
40311115
40311116
40311117
40311118
40311119
40311120
40311121
40311122
40311123
40311124
40311125
40311126
40311127
40311128
40311129
40311130
40311131
40311132
40311133
40311134
40311135
40311136
40311137
40311138
40311139
40311140
40311141
40311142
40311143
40311144
40311145
40311146
40311147
40311148
40311149
40311150
40311151
40311152
40311153
40311154
40311155
40311156
40311157
40311158
40311159
40311160
40311161
40311162
40311163
40311164
40311165
40311166
40311167
40311168
40311169
40311170
40311171
40311172
40311173
40311174
40311175
40311176
40311177
40311178
40311179
40311180
40311181
40311182
40311183
40311184
40311185
40311186
40311187
40311188
40311189
40311190
40311191
40311192
40311193
40311194
40311195
40311196
40311197
40311198
40311199
40311200
